<<<<<<< HEAD
         700
   3.3144378010214037        17.011977274981113        26.636917754687463        39.950000762939453     
   19.907556116699432        5.0931130626924102        22.471797859405751        39.950000762939453     
  0.16921434023357995        16.122577907525610        1.1532356268596033        39.950000762939453     
   6.9606801861090695E-002   23.198816540504506        10.157665605851250        39.950000762939453     
   6.9032151175036791        25.816384781011173        10.113825329252006        39.950000762939453     
   15.032921681544693        11.386817249889621        7.4215325984955447        39.950000762939453     
   7.5669914513135605        29.388227255210431        1.4788683900479938        39.950000762939453     
   17.091551213823468        20.094278433664275        28.311547202459966        39.950000762939453     
   2.9146186033203203        15.272737616348840        23.330151300430813        39.950000762939453     
   14.013827354835424        6.1334403335476484        2.3234208959466960        39.950000762939453     
   13.188539511195641        1.1837170815527898        13.429104436070517        39.950000762939453     
   25.527971843983686       0.29473187741070661        7.6758945145436570        39.950000762939453     
   8.7950312733860478        23.982455267708897        25.078006825975216        39.950000762939453     
   10.088894246651174        1.9634687397688200        19.144361437209845        39.950000762939453     
   7.2007445927766787        7.4678766442913060        19.749943195673030        39.950000762939453     
   23.657962099040287        13.693889328701086        7.9103649285576374        39.950000762939453     
   17.516854712400661        18.735459482820428        27.290885828520860        39.950000762939453     
   6.1623558606053006        28.747506107261962        24.537685039123783        39.950000762939453     
   22.928317985560152        5.7229290807727349        4.8108325976477362        39.950000762939453     
   3.5646528411143850        20.953950959985345        22.724185612632279        39.950000762939453     
  0.38790237067790390        8.8648969234966870        13.593045742255516        39.950000762939453     
   22.467654247340924        20.818313098047796        5.7022192450343958        39.950000762939453     
   12.443245634277073        9.7595707023682206        13.734228565325662        39.950000762939453     
   2.2554089730977092        29.803002763620256        9.8124214976758299        39.950000762939453     
   23.462448170516733        1.7258992079185120        11.841587776961587        39.950000762939453     
   8.5897025405203351        21.998784819652705        18.730657678006889        39.950000762939453     
   18.681691594713421        29.788669194523997        15.488969303544645        39.950000762939453     
   21.279633019955551        12.648236051834948        29.545010523066402        39.950000762939453     
   13.636160360279233        5.4582687893011954        26.471982918037295        39.950000762939453     
   21.613940974168866        17.877786320258586        19.209802896009180        39.950000762939453     
   19.509515546826606        15.533520617064790        20.639750084261685        39.950000762939453     
   7.6920798839156346        11.930626681772644        18.636146790905343        39.950000762939453     
   5.4644247426365666        3.9220707363922882        27.386138540270096        39.950000762939453     
   24.824281040998830        8.2819775428998739        1.5531434469343364        39.950000762939453     
   16.874305658392988        18.197584424553995        27.690530923410542        39.950000762939453     
  0.87574242378080980        28.967899586740831        11.227744884735692        39.950000762939453     
   17.740777005394428        4.3083612063169454        29.269264394958885        39.950000762939453     
   11.047900648692654        2.8342025796618096        7.3245706621476590        39.950000762939453     
   24.751266836541959        5.2466543084152208        8.4284493249914920        39.950000762939453     
   2.2717745983369317        9.9514858205955594        23.455027489300168        39.950000762939453     
  0.72440740295318662        10.913884728674935        15.356023873302192        39.950000762939453     
   9.5538676612416182        2.8465443745354593        24.573708358183126        39.950000762939453     
   5.1760921839333731        15.522429265232516        26.835969949071327        39.950000762939453     
   10.822240861538388        3.8807019841593240        11.569850990749806        39.950000762939453     
   4.5810166011907905        18.834626560402754        24.399420817033015        39.950000762939453     
   6.5929927880527108        15.821177206226698        6.0967846624684690        39.950000762939453     
   18.091861198229754       0.29079390172473518        27.731358632541408        39.950000762939453     
   8.8043180147452880        5.2256682598327542        22.359032492330925        39.950000762939453     
   6.0210032483276894        14.856184076082320        13.996979498028679        39.950000762939453     
   20.264379880168782        20.639502198603758        3.7858267665888068        39.950000762939453     
   12.211935763536422       0.27304582811044642        28.651399801402690        39.950000762939453     
   29.247506425278186        5.5821264730699784        10.413869798903692        39.950000762939453     
   20.723571922410525        26.918519750322048        20.666123315399876        39.950000762939453     
   20.618627008196796        20.108928262711679        24.330547376326599        39.950000762939453     
   10.150008258914131        18.375804345265319        9.5888176942234455        39.950000762939453     
   22.513464207758869        17.093863440891042       0.42543141085814695        39.950000762939453     
   24.481767538655639        20.696629795932694        12.564841345365981        39.950000762939453     
   28.708888560428306        10.463166990965965        7.7044274534863213        39.950000762939453     
   9.8380537594895419        15.568547903343779       0.69351718575782373        39.950000762939453     
   17.196179783866697        25.925511382822062        7.3794020310882864        39.950000762939453     
   17.760358623686585        22.377925484787141        19.629078612928677        39.950000762939453     
  0.69630551446091982        29.051571582672008        2.4483167026140507        39.950000762939453     
   6.2309868006812685        3.1577961361595297        14.660574022767829        39.950000762939453     
   25.643813299570059        22.581645872266066        18.228641329888259        39.950000762939453     
   20.667643077606225        24.491962641378425        14.259595174763621        39.950000762939453     
   2.1325921292702175        28.376227650299395        6.7862479634759740        39.950000762939453     
   17.552816260173433        15.994705243547099        18.272753916766501        39.950000762939453     
   1.7134588054685751        10.302904166481699        29.673649371860819        39.950000762939453     
   2.2123496119366139        13.747438614324345        26.342713360913649        39.950000762939453     
   18.090411320484250        26.721201695291036        27.225875205907077        39.950000762939453     
   14.696146099173120        1.7488112883309492        29.312773990204359        39.950000762939453     
   13.805557689160871        13.263142463299936        3.5829793628713524        39.950000762939453     
   27.792665062096859        28.798074945867427        25.224606486095325        39.950000762939453     
   2.5218556363679068        12.849588099949877        2.7972960242739986        39.950000762939453     
   25.880081350123678        2.9130821742513024        22.205457291503599        39.950000762939453     
   17.602888380248235        1.6050323459166715        4.7770455110597441        39.950000762939453     
   24.752120362486355        7.6510037466961762        8.4206413914582825        39.950000762939453     
   8.8171953728666068        26.627705072155909        2.2535798824924691        39.950000762939453     
   25.183307505130095        6.7304037181059337        5.6190288369210979        39.950000762939453     
   6.4339001445853272        21.739502806253068       0.53243980187047346        39.950000762939453     
   12.038552077598171       0.90380217273237640        28.902305694742108        39.950000762939453     
   9.2647763203733255        19.845821956306001        2.6691485555238383        39.950000762939453     
   3.3797025137871337        3.3274843749075567        12.029863665332096        39.950000762939453     
   1.9574305330705322        15.041807324807984        10.855725409779103        39.950000762939453     
   28.680484745062138        22.704440547768385        15.767414746130505        39.950000762939453     
   1.5424845425129796        18.601105365348644        6.8040294547012277        39.950000762939453     
   12.659747473602522        19.195709270353099        26.859580910384388        39.950000762939453     
   10.523990072870598        10.509739701338953        9.1930775989507723        39.950000762939453     
   9.2005929332566634        22.889114399680853        28.702985444653162        39.950000762939453     
   26.550882658822353        20.135803884912143       0.22899327903179278        39.950000762939453     
   29.079815584815080        6.9200472511739477        24.606956571732102        39.950000762939453     
   17.208136811876098        28.281917549955310        3.0062832753426316        39.950000762939453     
   7.8628337353143003        9.4786591965190965        24.070232350510647        39.950000762939453     
   3.8133963128643025       0.63503008388797744        23.690717923504042        39.950000762939453     
   25.596102715273599        19.008367905600373        12.356601526345921        39.950000762939453     
   21.598754609070738        11.790583550184198       0.87960186857206080        39.950000762939453     
   19.126461633558893        22.665592463027238        13.109669128415222        39.950000762939453     
   19.431650237549110        14.497526818103326        26.200060476313570        39.950000762939453     
   12.986620801579075        20.490726704611802        29.311423189668403        39.950000762939453     
   21.235938900746774        29.194118338078109        8.1729866712841250        39.950000762939453     
   26.883886251049383        27.635220839126202        11.352960628092521        39.950000762939453     
   3.9120380980083835        29.609171707003153        12.383870645074317        39.950000762939453     
   27.205045262454078        1.3356028838953493        24.473292963826339        39.950000762939453     
   6.2159774335613935        28.555814716521333        11.845826769753437        39.950000762939453     
   22.557867145304765        29.107823451010685        27.232320829919615        39.950000762939453     
   4.2018480819878503        15.970291772560541        10.652777100291361        39.950000762939453     
   21.821184268598039        10.404659690672325        24.591887552439886        39.950000762939453     
   24.569993372939884        2.1904720650896472        14.660695254090397        39.950000762939453     
  0.40260673950012760        24.311671552270045        26.503815985168977        39.950000762939453     
   22.845211824531287        13.532636177754382       0.41524736410350482        39.950000762939453     
   29.919169408320592        1.3722181371248088        10.672706620419245        39.950000762939453     
   14.851463950563140        15.028947093446533        9.2083371282861535        39.950000762939453     
   12.694574392331566        20.710541066489927        3.1926904178430249        39.950000762939453     
   12.474323799083411        28.704965938895107        9.6114642394504664        39.950000762939453     
   19.027980223415611        22.185834505145600        18.842441382628603        39.950000762939453     
   14.535387643447020        21.868919390095730        9.9016634249434166        39.950000762939453     
   6.3333425269395107        2.4604369348209367        15.206520247033527        39.950000762939453     
   26.339417339871886        19.754521935944929        10.003432100484890        39.950000762939453     
   20.626654029003436        1.7710475062480135        9.6352431050857597        39.950000762939453     
   14.918474515052237        1.4652265865171277        18.402051327693840        39.950000762939453     
   20.047222958625785        22.257297014745575        29.258146242288529        39.950000762939453     
   25.833261392748405        24.629320229571771        23.980180848386681        39.950000762939453     
   6.9859460793652763        13.183465577596985        9.1873300331378154        39.950000762939453     
   1.6093696458004014        24.742115823609659        7.8475531660735856        39.950000762939453     
   9.3672753871581715        29.521256591978133        1.4776449449491735        39.950000762939453     
   15.672645006306155        22.447188198943358        13.732704504793400        39.950000762939453     
   19.479035419446681        14.142430536707909        28.599961763539035        39.950000762939453     
  0.36902673566441835        17.813998538451358        15.995462844961025        39.950000762939453     
   23.630695544387365        24.289534280563760        6.3598049057564783        39.950000762939453     
   21.639900139267340        9.7758428419696433        26.530921206642667        39.950000762939453     
   6.3722121583747455        25.927836611595062        7.8586445418807820        39.950000762939453     
   24.646952878642711        22.409569378133686       0.79318993566358298        39.950000762939453     
   16.251193812326051        24.241134318090751        17.269469622738583        39.950000762939453     
   3.9281576918871783        19.840618669484478        22.168184912139914        39.950000762939453     
   2.7106407791646268        18.773372943301943        14.336022628782281        39.950000762939453     
   20.260353593397127        8.3398882210735596        21.000567844773659        39.950000762939453     
   25.132241840115046        21.287899510973386        20.977967499690752        39.950000762939453     
   13.029948255242978        21.740830113480289        16.301857890246627        39.950000762939453     
   11.043981816793915        29.818443811377595        2.3498381332011062        39.950000762939453     
   9.0932704926713086        11.755247803228734        4.5662896964139676        39.950000762939453     
   22.492822229972106        5.7249989400578416        23.694267723278045        39.950000762939453     
   6.7121964842809856        27.522903462965857        17.346155246068946        39.950000762939453     
   16.957744363006665        17.001105008710621        5.4416103731937779        39.950000762939453     
   9.2280867007359610        7.2159595040673246        26.139476778501955        39.950000762939453     
   13.402582455893853        24.862075074473058        14.065794856285628        39.950000762939453     
   20.207493436061782        21.849270519952189        15.538331799930978        39.950000762939453     
   24.965511307649290        12.870835077705786        10.468568968864309        39.950000762939453     
   23.469457713873538        23.155912091036818        11.382281508271486        39.950000762939453     
   19.038828949176430        10.245071100309627        18.374640444666376        39.950000762939453     
   25.929137668332800       0.48666870519051719        6.3521627090895549        39.950000762939453     
   8.4019444425772587        13.928678544313875        15.374106466956404        39.950000762939453     
   6.6180001167146854        12.866589449685147        15.580833910067270        39.950000762939453     
   21.281005164023508        14.141805480395215        25.657267646080633        39.950000762939453     
   5.6914721134499802        29.224624375028291        9.4742341968251189        39.950000762939453     
   26.961206164652676        25.865016851581927        19.967970044310480        39.950000762939453     
   21.676049491324040        12.202823380665617        14.111733516950601        39.950000762939453     
   17.251864382069162        25.584074475736703        18.314895391365479        39.950000762939453     
   3.3256693791590388        15.643605521316461        12.056450239018666        39.950000762939453     
   25.551428820702952        16.818102436323251        27.428323348308254        39.950000762939453     
  0.89094607251192337        8.2018494105309578        3.0592054458576556        39.950000762939453     
   18.811513021284444        12.618217766192148        23.043014473263046        39.950000762939453     
   6.9149266404387886        11.263172163251207        11.842139448514414        39.950000762939453     
  0.87774833810855712       0.35934764690173648        22.319980583963297        39.950000762939453     
   29.170370595139573        12.790543764894020        13.961545576124335        39.950000762939453     
   10.776256911749471        7.3757822688239685        3.0736549186635620        39.950000762939453     
   29.136995992780772        27.732721421002498        22.605228525072278        39.950000762939453     
   6.7608416716683930        19.103514740544885        9.1112727208297688        39.950000762939453     
   23.946324757484181        17.375353463078909        20.088359056009867        39.950000762939453     
   10.881326976758004        13.903151749114173        11.691677733897372        39.950000762939453     
   23.776998300500981        22.733807373797738        17.531551559781800        39.950000762939453     
   11.172282302589391        26.516937554507329        25.178536324376392        39.950000762939453     
   6.5083716447403148        17.989261931171011        12.516092913772109        39.950000762939453     
   20.128707630328439        27.381048417541084        26.809689433083278        39.950000762939453     
   4.2553010179581836        6.9951671348043458        28.245879897391404        39.950000762939453     
   26.398674970248123        21.460714816828606        5.7653917811004565        39.950000762939453     
   3.4945252865549312        3.1784901987996350        28.353705827379422        39.950000762939453     
   29.252951185924985        4.3927565466035867        17.521457694617617        39.950000762939453     
   26.954302228049588        17.847612838106510        20.434401850333447        39.950000762939453     
   25.893470749332167        9.7944081972706378        7.4629413585948958        39.950000762939453     
   28.505759731294766        12.882673359288018        25.938020686521725        39.950000762939453     
   4.9652016754774113        3.8626248947763786        21.151946395381920        39.950000762939453     
   23.144466415558718        1.3806883056146457        21.208593737580319        39.950000762939453     
   17.399227901463782        22.326477697903030        21.368349812520570        39.950000762939453     
   6.0174846564167499        26.570476424777770        14.200717902445762        39.950000762939453     
   12.614911038702514        26.578215263810591        4.3019632380845039        39.950000762939453     
   17.522314759299292        8.5515797083297009        2.7358264439110247        39.950000762939453     
   25.723526534577051        15.835535918070702        4.9458769773739952        39.950000762939453     
   15.490798109923226        9.9987101632532411        26.364659333828122        39.950000762939453     
   19.656269828644099        27.512970148265264        23.374396001223698        39.950000762939453     
   6.0903860460328794        20.601896974912218        19.497927375208551        39.950000762939453     
   1.3898849082225384        17.632588749874433        22.944218652245461        39.950000762939453     
   17.993651248820196        17.661827435395622        28.977684140892759        39.950000762939453     
   7.4391755822086356        2.2669098620639048        9.2573250542543768        39.950000762939453     
   13.616168937760770        18.043104594376945        21.966385367825232        39.950000762939453     
   14.653411380865331        27.992384209209796        3.9736394696693687        39.950000762939453     
   26.670660095757444        23.459868955625758        6.5315292580737410        39.950000762939453     
   27.750985699445636        12.486347505680785        6.9049298625449449        39.950000762939453     
   9.5074645547765417        22.266380240957314       0.12629705079861497        39.950000762939453     
   12.458851236539806        20.576878999262203        27.890023032400741        39.950000762939453     
   10.525599227170186        29.201364400522422        17.811596442725097        39.950000762939453     
   23.447294558896200        25.922322574365111        24.033359805128903        39.950000762939453     
   14.427561446407678        23.097473317163406        16.511587879412385        39.950000762939453     
   29.850840314455933        2.8049771468126119        24.466875059254733        39.950000762939453     
   6.4325149650868312        16.154813112394734        21.111935373452916        39.950000762939453     
   24.362527098809274        22.708859026108442        26.445787834169380        39.950000762939453     
   1.5525305001823086        20.580110809353336        2.5643970673106886        39.950000762939453     
   16.638897519879031        2.5423569658422784        10.559495228396663        39.950000762939453     
   11.590786681913357        1.3132818668268909        23.664844933440413        39.950000762939453     
   17.179648470167503        27.445603682566592        16.526866850642943        39.950000762939453     
   9.1711233544822406        2.2605993897817021        14.384710075918409        39.950000762939453     
   16.623967601489827        16.734895650118801        5.5576922999093572        39.950000762939453     
   25.549221373174330        5.9913354235987164        1.3168514568501077        39.950000762939453     
   8.7872976983225275       0.45837784055563602        13.856107823268946        39.950000762939453     
   21.025647443088292        4.9733833122704265        17.720087643338065        39.950000762939453     
   24.558979227646248       0.80829001085706675        7.8398729736314321        39.950000762939453     
   17.851826953137255        27.728516693169222        5.0573347698221029        39.950000762939453     
   24.575855090449622        7.8262213402735572        7.9247194305814386        39.950000762939453     
   7.7653545796612899        21.059530107434810        24.458990809721556        39.950000762939453     
   24.626366975743082        21.509271903882198        1.3513021297857808        39.950000762939453     
   22.020193909224211        11.834241213037579        18.621009165188450        39.950000762939453     
   19.557657862150634        3.6054467315798910        3.8364667419310248        39.950000762939453     
   17.311959841382002        28.662060515013049        17.189450583644504        39.950000762939453     
   16.578578325033916        14.672604219164198        5.3969424309326621        39.950000762939453     
   21.194944687426865        7.5160008416988289        3.0605283799950165        39.950000762939453     
   13.168341656873165        13.166214032183346        2.3957957133758123        39.950000762939453     
   6.0957436120300468        2.6841870354136144        11.380195270922501        39.950000762939453     
   3.1745775077982863        25.721605601326388        13.218119765429666        39.950000762939453     
   14.872798095415936        22.373740604202943        10.877181016917083        39.950000762939453     
   10.017389887680286        11.867305023639553        12.444203201002264        39.950000762939453     
   23.805584807317587        12.109236568529324        29.619466306719179        39.950000762939453     
   13.164045832932349        3.3082157067985882        8.4973004669600822        39.950000762939453     
   12.556574250915984        28.022074602194188        3.2712175801573675        39.950000762939453     
   13.776753094487002        10.844578666960418        13.397968309245723        39.950000762939453     
   25.260461174340289        22.823404386176183        1.2674946176057500        39.950000762939453     
   11.190116707130963        16.084619282878723        14.418482541483518        39.950000762939453     
   29.568444027062505        4.3460024067886263        9.7188352510138429        39.950000762939453     
   3.2749639064561888        10.861883947268158        20.633896689720153        39.950000762939453     
   8.5019766205678931        6.8804237281013751        5.1287188195050142        39.950000762939453     
   5.4932570051730174        6.5974073517179468        10.746716392786958        39.950000762939453     
   7.4293836046536335        16.035105952625734        24.499524352126087        39.950000762939453     
   21.041919956683074        13.627017953885709        9.3278465049141470        39.950000762939453     
   25.278848575437962        21.738344403796397        9.3318053913735337        39.950000762939453     
   1.8643066397510921        8.7834305120207308        21.699710820041240        39.950000762939453     
   25.009518444915138        8.2602149165404306        14.488870725285933        39.950000762939453     
   22.508116399484265        10.117444992897864        28.620216577792529        39.950000762939453     
   11.285857147549285        19.051111711867041        19.655217582535961        39.950000762939453     
  0.14286909417653315        16.307494805891213        26.939851537320692        39.950000762939453     
   14.610633935480189        20.794577988418567        11.260984587246043        39.950000762939453     
   5.8121534698679405        27.474232442544601        12.762762826482065        39.950000762939453     
   16.195058961200978        8.7884316010567485        9.6133337789017279        39.950000762939453     
   17.308067280976029        15.424882011239861        9.8578204300848054        39.950000762939453     
   25.989839981239840        20.708424375282050        14.132548468064291        39.950000762939453     
   23.614875996379808        6.5689786082236026        16.099951358721889        39.950000762939453     
   14.095274739080576        28.969532440540206        26.201468682060661        39.950000762939453     
   2.1596923617714903        20.952338811536148        21.657984988023557        39.950000762939453     
   2.8029770741104976        17.267442385130483        27.836106440748782        39.950000762939453     
   4.9592044179649220        24.294815386793342       0.98193848861259481        39.950000762939453     
   26.922368679643618        5.0838030672016545        13.526492915025756        39.950000762939453     
   2.0944659765932339        17.148422143930766        24.398547347890311        39.950000762939453     
   17.049206375971934        18.088962829470720        1.9100538949530166        39.950000762939453     
   13.096620468727657        25.862878503941804        1.3045151844254166        39.950000762939453     
   14.777549122770433        28.501750817299836        2.0560027722856109        39.950000762939453     
   27.108302055577031        4.7606933834211853        5.0383118961414084        39.950000762939453     
   3.2796092872964975        5.9831067148172039        6.8056918162110112        39.950000762939453     
   25.327217812681965        18.643282567379458        24.105750216132741        39.950000762939453     
   23.986393876771096        13.313451487221254        2.2883577903935306        39.950000762939453     
   12.150714302399972        29.976139978030211        2.2673496255667311        39.950000762939453     
   23.919428431200945        15.492652787576912        26.787006714463462        39.950000762939453     
   19.063827733655952        15.543878579890400        15.400238746409538        39.950000762939453     
   9.1586242296008695        29.512782107370032        8.0348191033616594        39.950000762939453     
   1.3454990679523060        15.643735994425157        25.270912495892098        39.950000762939453     
   23.281308785224791        28.717245749694143       0.61657748713350835        39.950000762939453     
   6.5371563502422791        3.2084962485361936        4.1985515527370367        39.950000762939453     
   6.4894977109203023        24.638289439445337        24.110007939086927        39.950000762939453     
   1.5013539013622534        14.056545705240413       0.17445251919219196        39.950000762939453     
   10.613284536895941        4.4113017550107720        24.258577779104478        39.950000762939453     
   2.4385869046351827        7.3175680197789497        9.1781378417976711        39.950000762939453     
   17.064863459268871        28.619524946234439        3.6765273709099464        39.950000762939453     
   28.009343077332961        7.5330248618732494        6.9647956735768446        39.950000762939453     
   16.348973032569877        7.5470622987196547        6.8339002415964254        39.950000762939453     
   16.149202422360531        4.2724882531088690       0.58243383059850440        39.950000762939453     
   1.6312733772494015        16.797812813573302        1.9366848821766280        39.950000762939453     
   5.0351911640610520        14.908526242403941        4.2982364863170481        39.950000762939453     
   1.1537889765112164        27.617624310614357        22.596833417264030        39.950000762939453     
   3.1118989992176562        14.237876236115387        15.882685165280607        39.950000762939453     
   12.483568580031001        26.326561917551558        15.186142888703323        39.950000762939453     
   20.263227243879836        19.070461431253761        27.247021391976190        39.950000762939453     
   3.3633624183365072        11.134187385984921        20.024196086286761        39.950000762939453     
   20.274593216380858        16.858098301338885        15.451856217001499        39.950000762939453     
   10.051108845337708        23.630312589831718        15.581266895584632        39.950000762939453     
   7.7752363510367886        5.4422616787760614        26.020068314957893        39.950000762939453     
   23.428273071322550        17.984157026049296        20.480251903318059        39.950000762939453     
   24.095218466738025        15.826467515606939        23.954485291243550        39.950000762939453     
   13.008494954946308        14.689965184111806        17.974825703749964        39.950000762939453     
   15.853184096954887        13.048721244052727        25.940085129589853        39.950000762939453     
   22.408129442057991        16.637077729135520        25.023651882229700        39.950000762939453     
   19.542611950623733        17.900338981451132        10.476847393712355        39.950000762939453     
   7.2762433970334230        24.607625190040668        7.9669717772586113        39.950000762939453     
   2.5657948016848708        18.539439738705759        9.6884579654494214        39.950000762939453     
   8.4785376622149116        3.6192116912786609        15.935014652744146        39.950000762939453     
   1.1498061447306296        15.244418693403961        25.779732940634755        39.950000762939453     
   6.6761201728048816        12.474407934512023        18.857820866208915        39.950000762939453     
   11.239885382111037        2.6473379264643326        29.034233532410308        39.950000762939453     
   13.961931522795755        1.1564636074109902        19.950010167159061        39.950000762939453     
   8.7306850376345722        10.556144331855410        25.443033516262584        39.950000762939453     
   13.422803348618981        17.352418751585503        18.561818504860518        39.950000762939453     
   16.161791207311282        20.217388346958639        7.0769617841166887        39.950000762939453     
   25.124159915520327        14.038044408298884        28.158002964861289        39.950000762939453     
   21.608517018150806        23.114921841554789        25.248272101856877        39.950000762939453     
   13.757681507988384        1.2331639057683552        27.478885793457600        39.950000762939453     
   25.497520725904497        7.7129376350465586        6.3660484801383985        39.950000762939453     
   12.300235812589710        15.419071390776530        13.724889486259977        39.950000762939453     
   17.169090729272348        28.772925809149886        23.345172401455322        39.950000762939453     
   13.371592623247905        22.649325749466669        7.1644519109994622        39.950000762939453     
   4.1752668150563554        15.466567024772461        8.3359025592959490        39.950000762939453     
   27.569134036747620        1.2913443077358400       0.80605751356506827        39.950000762939453     
   10.619317780915988        17.038056332702773        12.368228890510919        39.950000762939453     
   23.427780189184165        5.8271648467125949        9.7264500206104714        39.950000762939453     
   22.600988005720644        12.613586830746510        6.0688630407396644        39.950000762939453     
   9.1270937992577821        19.948426676025093        12.720014121647703        39.950000762939453     
   26.049523974789402        25.810221757844602        8.5722671766209757        39.950000762939453     
   11.505360079098454        24.436591170156163        4.3729343087460517        39.950000762939453     
   10.398274323847458        23.960066809978390        2.7211457045496390        39.950000762939453     
   10.321310197560553        20.008828210355723        18.953653458326254        39.950000762939453     
   24.651262505949610        23.701702068050814        18.556918497428448        39.950000762939453     
   19.731178192606194        28.916680766824616        15.188260742409803        39.950000762939453     
   26.699823793840189        12.855451695125545        21.311848658114680        39.950000762939453     
   14.409726574386092        19.674796527325228        29.192426211029137        39.950000762939453     
   10.243722764173791        11.463573535762070        2.7816996026875085        39.950000762939453     
   9.4755072026926310        16.915595249801157        25.038944710349895        39.950000762939453     
   8.3984141986530929        11.617648785143736       0.32961786301485163        39.950000762939453     
   21.590188159419991        2.2755014075227544        16.241305141168692        39.950000762939453     
   27.902672051182559        5.3329625149755646        29.771621596800326        39.950000762939453     
   22.337444999926650        8.0067248520155943        6.1907872368505092        39.950000762939453     
   28.919505571688862        6.0429173784546055        8.0269228105855550        39.950000762939453     
   15.457361054632031        25.305472518744402        16.599414785561546        39.950000762939453     
   14.685027038255562        9.2607740003295413E-002   20.115680642433976        39.950000762939453     
   17.178819906330098        14.685036528438768        18.650232383718549        39.950000762939453     
   1.1523649514357781        17.566911267361203        21.820441934405601        39.950000762939453     
   20.586985582273350        22.845168716766125        7.1136210713776489        39.950000762939453     
   15.490213465059668        20.493624541469323        16.622409932674021        39.950000762939453     
   12.200514678928972        4.0576599740919495        19.625677155035500        39.950000762939453     
   15.648079030086034        23.241398272664618        24.644031573489016        39.950000762939453     
   6.2723872326953281        27.398492044629286        19.779431554987944        39.950000762939453     
   13.334484109278675        22.085453794744964        7.4990431127347854        39.950000762939453     
   19.765042450541266        21.434634719223446        17.926885892960478        39.950000762939453     
   14.870427476043128        16.079571199760345        8.6815904957405738        39.950000762939453     
   18.065834550706178        16.093614423967470        29.266601301300103        39.950000762939453     
   28.168564908549172        23.228498997514532        22.692977761964222        39.950000762939453     
   5.6241847271234811        17.242842022489846        28.958895448119751        39.950000762939453     
   22.467090087462232        17.076015220276375        2.7469051964676061        39.950000762939453     
   21.277382195535338        16.814525580673219        19.496674588578170        39.950000762939453     
   3.4870821308653879       0.90554165730253766        21.328680182230286        39.950000762939453     
   28.510213003024841        27.377211764005736        8.4132499958631239        39.950000762939453     
   25.060181885770028        27.307305111359280       0.15943259213662131        39.950000762939453     
   24.828482475141676        10.430270867863339        9.4825933442356529        39.950000762939453     
   1.4565225495371337        1.4518330368116916        29.732253177613273        39.950000762939453     
   24.001417385680675        27.759715215818652        19.896958789284490        39.950000762939453     
   22.904888782701097        10.475678986432600        7.8848542257782741        39.950000762939453     
   25.524370618145394        14.715140140574587        26.878196148498937        39.950000762939453     
   24.767323347933427        18.440826955767196        4.5092505181886802        39.950000762939453     
   1.0932230283924571        9.1237923534403915        4.0469442348380555        39.950000762939453     
   6.2151255112028263        8.6186330378843188        8.6748457930672949        39.950000762939453     
   22.371479767867886        22.617654114943786        4.2693711769233271        39.950000762939453     
   12.891679390366441        26.952686194248379        21.122690871517076        39.950000762939453     
   18.956831545481883        26.275816963864376        25.407691804603587        39.950000762939453     
  0.85713902033636824        9.6031681732450238        16.713679596735417        39.950000762939453     
   28.616905414017502        24.155566816730715        26.558461849756142        39.950000762939453     
   18.955246171854409        22.633358777321988        6.3979387306059268        39.950000762939453     
   9.2155514465521531        20.298183349643363        7.5642432647158309E-002   39.950000762939453     
   24.868704528296615        25.582816964907334        21.005889245595498        39.950000762939453     
   27.004920139793789        3.1228217520267911        17.834587308842032        39.950000762939453     
   3.7622914850713416        8.8350455064468498        20.859188613856773        39.950000762939453     
   4.6687622444313623        1.9429548453560552        16.385289929408099        39.950000762939453     
   22.479145294481054        2.7869429218678587        18.388561399428685        39.950000762939453     
   5.5150258770129712        17.714014289097584        12.172564637790858        39.950000762939453     
   10.519039298925337        21.588867007516267        5.0524963392094859        39.950000762939453     
   15.294692720083946        7.5942243365679287        14.395612914960164        39.950000762939453     
   18.872695926158979        13.361841838892387        19.388489961392022        39.950000762939453     
   14.511208292595622        15.120267694841457        7.5231353985113874        39.950000762939453     
   7.8293684652284723        7.5979041648565087        26.433387340261920        39.950000762939453     
   29.271285600597832        18.724877240592114        15.433139743601796        39.950000762939453     
   4.7346301496754055       0.67598982876954095        21.993252325123553        39.950000762939453     
   26.359170421693584        3.7903857964910124        6.8093421091696458        39.950000762939453     
   14.356943643725787        2.5167042956310115        1.3643688236964269        39.950000762939453     
   28.938691016360877        12.929296754960863        13.655080426961536        39.950000762939453     
   7.1170729129025743        3.1053026981356746        3.7747113616793824        39.950000762939453     
   18.667479315976976        11.423992031330526        19.459086233092542        39.950000762939453     
   27.430376300244209        19.229240201929979        28.406402418985405        39.950000762939453     
   20.661939716380612        9.3870747303258124        5.0066647592788618        39.950000762939453     
   16.805029474956452        29.600143854923296        12.782108399875977        39.950000762939453     
   20.250109918118994        7.6662688102104326        26.241448394684191        39.950000762939453     
   8.1060107561234922        9.7353767704806042        19.224707091877377        39.950000762939453     
   27.059203773897927        25.962267490416988        24.175279493303584        39.950000762939453     
   3.4690785467029563        6.5987266630779864        25.354692827664429        39.950000762939453     
   18.781426029952446        22.633036464986173        18.697131698490196        39.950000762939453     
   25.675970063652848        7.1483566084884576        20.926383025940780        39.950000762939453     
   25.452808903860294        22.309852059197386        3.4492484168333104        39.950000762939453     
   16.873439052698352        15.049887893603955        4.5896901837151169        39.950000762939453     
   23.845070291219052        22.955150523687774        19.345085003830864        39.950000762939453     
   21.339820829222891        5.3947384750322733        25.390209614212235        39.950000762939453     
   21.742410188511609        28.839324618767233        10.163864203967544        39.950000762939453     
   22.907652334772596        4.8489897934462096        11.342677445328201        39.950000762939453     
   29.801166922594945        26.062451860887521        8.2256887045681850        39.950000762939453     
   25.117263134707542        16.667291982503123       0.65639160289422627        39.950000762939453     
   10.648022297707794        10.810384352282925        1.0774630835859689        39.950000762939453     
   29.881692385733796        20.872590762283906        15.619674192874660        39.950000762939453     
   3.7201958803998139        16.158336839552970        11.016023256605042        39.950000762939453     
   28.001710419881530        5.7514742186676440        1.6667470828406306        39.950000762939453     
   3.2246288472259699        11.802295284500980        6.6398840259624912        39.950000762939453     
   11.613518526576996        4.6653829179269692        11.552046601400974        39.950000762939453     
   5.8208587634766653        26.875110728250906        20.285000322623663        39.950000762939453     
   15.329967729262528        5.5150221402974742        17.282893852754725        39.950000762939453     
   10.681568469962119        3.1950459149368573        6.0894346028404982        39.950000762939453     
   19.306632122511878        21.784496676830432        5.7692261742314876        39.950000762939453     
   27.019783135446364        16.008204563918188        12.350302960191517        39.950000762939453     
   3.5686483165311698        1.3253014766167581        26.891706482844270        39.950000762939453     
   9.0708056883425492        18.212439388646462        8.9230902437310515        39.950000762939453     
   24.240324720000192        2.5363027193254606        11.924785499622089        39.950000762939453     
   17.676431402891080        19.431146044823208        3.1636685933755149        39.950000762939453     
   13.475479049814954        25.206595320326333        8.7977417709516601        39.950000762939453     
   19.428086714373933        9.9101118007001681        4.6944440351486296        39.950000762939453     
   14.033060627747350        22.064927475069144        7.4310024763569142        39.950000762939453     
   11.827123461120246        17.753489407248352        20.264234046971914        39.950000762939453     
   22.821397173368606        14.063350669575577        13.062158747507803        39.950000762939453     
   18.111764415405869        29.237772672069152        6.9893540998015702        39.950000762939453     
   9.6426397091175744        10.358266682038055        26.318536402140726        39.950000762939453     
   12.216416758998815        3.3060004481641645        16.934671971728026        39.950000762939453     
   9.6093986039135970        29.879687997169160        16.544862038561579        39.950000762939453     
   26.481187759978901        9.8908864321537830        4.5864770677623561        39.950000762939453     
   29.978271603409098        28.837850231283532        11.572859389678293        39.950000762939453     
   23.508685183777740        23.224905318601927        10.101134525351519        39.950000762939453     
   24.810275937174197        9.9811696841776794        16.633978048676838        39.950000762939453     
   27.044958755188645        4.9723635328813263        9.0462441140726728        39.950000762939453     
   28.078916313597315        25.103585206330152        15.814705671153611        39.950000762939453     
   17.673793458961306        1.4797337774758346        26.532614627631744        39.950000762939453     
   10.681615167816693        12.300769901953512        23.484861204576230        39.950000762939453     
  0.98936321294310292        24.642003763858078        5.3509729348199029        39.950000762939453     
   18.870678955328959        16.665000530721013        26.369140179240564        39.950000762939453     
   13.843635647408396        26.201306923842129        4.2966189465985236        39.950000762939453     
   7.7372495201188576        23.320656003793715        2.6180548763955294        39.950000762939453     
   14.371309447154113        14.632871879137005        21.453910360242617        39.950000762939453     
   13.445827088336541        3.9000265455460950        1.8901525134296104E-002   39.950000762939453     
   25.701444412626557        11.582156935276124        1.5440218722531851        39.950000762939453     
   1.8360465446976904        10.101402429608111        1.9668590162359767        39.950000762939453     
   18.321574653762475        7.5635368672633687        9.3593754906855864        39.950000762939453     
   1.7821101874642098        2.5749799041945529        15.130574622826733        39.950000762939453     
   29.064119727884094        20.844138537578367        21.426688068974830        39.950000762939453     
   21.503633457614406       0.24927651001460105        7.0212882887405357        39.950000762939453     
   28.676740066656613        3.1298729614187701        16.868789348412882        39.950000762939453     
   29.794240792755346        6.1043641728165730        9.7434166120445624        39.950000762939453     
   9.5095316230901474        6.8620794404496088        29.914313406908967        39.950000762939453     
   26.232177532229844        17.660353889730398        15.551615601119993        39.950000762939453     
   7.9941499056122192        15.971139185931957        2.0390683621653869        39.950000762939453     
   20.820889519185695        1.8836770499742606        2.1569260601247997        39.950000762939453     
   12.755696128949403        9.1929067287731989        24.369806498750592        39.950000762939453     
   18.025455493153245        21.975989040554133        13.972196859557036        39.950000762939453     
   23.512200979495525        28.013312229705697        22.305061149304024        39.950000762939453     
   27.938942078006455        3.7826337000964703        11.931866906323283        39.950000762939453     
   25.382352040108650        24.567128306767749        17.741227626588234        39.950000762939453     
   6.6268140067278694        6.5342410376128326        29.920478950222552        39.950000762939453     
   9.4945850406207981        18.639460846728571        1.3073051618792253        39.950000762939453     
   29.582792815432789        27.679076446824894        26.587407467627845        39.950000762939453     
   19.910866570499909        28.965296231202380        17.442215876591735        39.950000762939453     
   5.4567082818556045        1.2602274293117111        8.2411080244440456        39.950000762939453     
   15.476967293190038       0.63001716461760449        11.298393005338687        39.950000762939453     
   14.236530297077287        4.1846698456871962        11.745963937002518        39.950000762939453     
   27.695447799907122        26.620365671958861        21.902199209373290        39.950000762939453     
   19.143091236198124        22.015164616154284        19.115906611930264        39.950000762939453     
   19.809712673092534        5.0855830626847665        27.722467260793248        39.950000762939453     
   13.174612566065116        14.462034556949044        13.369781934720280        39.950000762939453     
   12.284635761811842        28.780513771110758        10.670387653900754        39.950000762939453     
  0.19219925970287655        29.551082170245191        29.022141398317963        39.950000762939453     
   1.8416788123156413        8.4943022292383539        21.898980295717461        39.950000762939453     
   3.1176992887552246        19.047479380937105        18.949852610299395        39.950000762939453     
   24.441987783682602        9.5972109374582857        15.665409668851941        39.950000762939453     
   7.4580524376990773        6.3208295025166548        5.4932165296776923        39.950000762939453     
   5.0906233838745667        21.048081853561555        6.8896252280938350        39.950000762939453     
   11.765423777539553        20.899299210607236        3.1473584906800909        39.950000762939453     
   23.988226571536682        28.922019827011283        12.805783634936796        39.950000762939453     
   12.186053104690020        28.629270128289495        2.7405445877345391E-002   39.950000762939453     
   3.2204099709711298        1.0233264602508230        29.652890266060815        39.950000762939453     
   26.798087604691499        7.6354441313047321        16.098763729065343        39.950000762939453     
   27.820317820719215        23.106722929857270        5.4758609621953465        39.950000762939453     
   11.189471584183959        8.7370258745441642        23.128238966946874        39.950000762939453     
   12.253073722836092        11.135996458410760       0.43310066637062827        39.950000762939453     
   2.4595319367532076        10.239981796946964        10.237694913454108        39.950000762939453     
   18.991308181424976        18.904944518633222        27.377169303371566        39.950000762939453     
   11.592408578066145        22.046883427896525        9.6995812563834960        39.950000762939453     
   19.494530751178800        19.934652074349575        12.763574749545883        39.950000762939453     
   22.865772958344603        28.119773831851489        6.6299205944575679        39.950000762939453     
   23.991158009306766        1.7951977708408329        16.988159742929735        39.950000762939453     
   24.215516258009625        25.736662414892134        19.223158259219339        39.950000762939453     
   22.283308751337856        17.787707950093434       0.42955867424118499        39.950000762939453     
   2.6142979666200561        13.221693324974492        4.7821421757394180        39.950000762939453     
   7.5382197608276442        28.022002716977511        11.282132893891930        39.950000762939453     
   9.0219269829405473        11.826912134911229        22.353623389806330        39.950000762939453     
   14.216456781857485        25.508660650612022        15.482225929690733        39.950000762939453     
   21.127981505546682        9.1048993721578810        27.537269375239553        39.950000762939453     
   4.1357993137144078        10.947554872538523        16.685985318088598        39.950000762939453     
   4.6072655899465005        13.060559837875951        22.842061849453767        39.950000762939453     
   20.087953229104322        22.529242501134565        15.729619661780378        39.950000762939453     
   1.6267684237911617        6.4052038339510151        12.003917242041627        39.950000762939453     
  0.64313727846796231        15.421905277716457        16.999971605302342        39.950000762939453     
   23.062096053793667       0.89900745734876941        6.7245676907987582        39.950000762939453     
   15.721405615116812       0.35769069274082188        3.3292047637800781        39.950000762939453     
   6.7942507742974954        14.659232500870603        20.378670641464762        39.950000762939453     
   2.2730749507347348        17.930675257465182        20.930167700816323        39.950000762939453     
   10.504357876705630        27.167576436570812        22.310585615878122        39.950000762939453     
   3.9552398428444890        5.7641048422878862        27.934140472059468        39.950000762939453     
   27.635455698100305        6.9702480087578422        3.1091207018180311        39.950000762939453     
   8.8404818194980788        27.982284298511395        15.567845364851868        39.950000762939453     
   28.718163170509971        19.724832497612489        11.311021246545689        39.950000762939453     
   3.9528151381180052        28.943647701272567        7.6494219081656674        39.950000762939453     
   1.8717265885630696        5.5751222270752834        29.884730922473153        39.950000762939453     
   13.624733127143918        6.9676257554244225E-002  0.15705102629518852        39.950000762939453     
   22.004716140729840        6.6208398638352648        4.7644105373384598        39.950000762939453     
   27.860384955351460        10.276351524179002        22.195222780522634        39.950000762939453     
   20.740566580925702        12.570681923359668        19.498235657921299        39.950000762939453     
   5.0754969413369109        15.899913541849848        14.535380905881478        39.950000762939453     
   1.5709350546093948        14.302898442888910        20.399531064887896        39.950000762939453     
   4.0291544728920474        16.215635172379990        10.538889724313755        39.950000762939453     
   25.622803834666438        19.191788929706103        20.793248106518465        39.950000762939453     
   8.6916837213237166        3.8114790967692436        10.264265851348110        39.950000762939453     
   25.795601301195550        17.041769274363624        19.658919875526660        39.950000762939453     
   27.387340391519306        5.0328395391920875        12.377144952167258        39.950000762939453     
   6.4600054217532845        5.0238062566720822        16.444893292904140        39.950000762939453     
   29.236782354643495        6.1599920731967073        28.674180498855886        39.950000762939453     
   15.333477903550722        14.312813678745277        3.0416792475008769        39.950000762939453     
   6.7376048858436945        23.066760282443887        3.5285668672083350        39.950000762939453     
   9.9145564803843875        13.600280149059161        5.3174227954029183        39.950000762939453     
   28.231298437562245        4.8686605820974060        8.2434272315251516        39.950000762939453     
   9.7872254053483410        11.913509322398427        3.1171003777293582        39.950000762939453     
   27.342158135063716        17.258479923607723        25.134242508187057        39.950000762939453     
   28.320613196705249        24.951254014998401        19.264765103988911        39.950000762939453     
   17.114480981163283        12.852813251952238        9.2229719594288877        39.950000762939453     
  0.23040460578614308        2.9796648590567476        28.981683746092287        39.950000762939453     
   11.008854743075329        17.854963833015201        18.325400066847617        39.950000762939453     
   26.896459831711724        6.1141174289508324        11.619665328067498        39.950000762939453     
   6.0354124139835754        7.4537528049893540        8.7095632905036489        39.950000762939453     
   26.644314442044820        1.7491059807917897        13.129269614911852        39.950000762939453     
   28.052480145408452        24.488642134269057       0.71318514543029177        39.950000762939453     
   12.351190322266062        11.517955774237288        5.6355504494207933        39.950000762939453     
  0.16686343091229960        28.605549208564675        7.5717638894085706        39.950000762939453     
   28.355809896041158        28.898491746196115        1.8404405864787909        39.950000762939453     
   21.287699885347621        3.6063964089337244        26.790454222657520        39.950000762939453     
   8.7947742922715832        26.655072596014410        12.971825848073850        39.950000762939453     
   19.441499918362720        19.331681839247516        20.808648489425622        39.950000762939453     
   15.395226678922661        9.5355595818827190        25.463438021681991        39.950000762939453     
  0.89012477697251624        29.901402890665562        17.050277793433281        39.950000762939453     
   19.802993482766986        1.4921287872559486        15.909793265282717        39.950000762939453     
   19.157590934729033        25.225145089552864        1.6709550177099797        39.950000762939453     
   26.278094151606417        17.541234366228156        9.7138085430320071        39.950000762939453     
   27.928407643128725        17.960811636823511        15.306447734415633        39.950000762939453     
   9.6062794550366384        29.030870109443672        1.4637725315328964        39.950000762939453     
   14.631657961957824        13.651553405597323        3.1563040380260676        39.950000762939453     
   13.046296273529819        22.754366762829175       0.89081263409706568        39.950000762939453     
   15.220786480444662        7.6888108879924850        24.821481629319283        39.950000762939453     
   8.8890916169926530        18.841149128890411        13.965968126789157        39.950000762939453     
   12.231711344983736       0.56379294889836062        21.768665611134228        39.950000762939453     
   27.502700193941440        17.088794374454420        13.532697463007461        39.950000762939453     
   29.548945764258541        29.846984492118477        14.264687286619278        39.950000762939453     
  0.87372478660110331        12.337855107290196        1.5257799142045236        39.950000762939453     
   16.458839201856062        10.606821808782316        17.141338474995234        39.950000762939453     
   23.669744201028823        16.126223784143725        12.640937038590295        39.950000762939453     
   16.884608845472052        12.838063074641845        10.771159272421581        39.950000762939453     
   5.2303938642789145        18.856980952698393       0.37368154382640739        39.950000762939453     
   13.804807970001226        2.5953139581293816        26.261639708485095        39.950000762939453     
   20.786904775456275        17.352865681106941        10.691311065189335        39.950000762939453     
   5.7576531473433024        14.508565454828402        4.8960038515081630        39.950000762939453     
   17.957576486262379        4.6952699889188079        8.0765426741105344        39.950000762939453     
   28.891158404158059       0.46508148654337167        10.541439957954896        39.950000762939453     
   13.466880166260344        20.542932214213558        10.012238209419612        39.950000762939453     
   11.002368076944997        6.2448954283794658        19.272272934051600        39.950000762939453     
  0.92432903260987631        17.454538463268619        17.201996956743145        39.950000762939453     
   17.212548855792921        20.348243927171556        8.6657320518062413        39.950000762939453     
  0.11578385766904398        7.8255176848108201        20.939596588873520        39.950000762939453     
   21.775547371992197        27.234545756341056        12.129250256438734        39.950000762939453     
   21.403031120763416        25.531891261704899        12.437440203123149        39.950000762939453     
   29.911764780269429        3.7768857543470991        15.451017692071019        39.950000762939453     
   14.986887951711093        15.899220390699195        27.110188973163250        39.950000762939453     
   7.0664089174751590        5.0054189360987937        22.437117495970067        39.950000762939453     
   21.081258482128312        19.556156904004698        19.478226255052292        39.950000762939453     
   25.789649809828347        4.4906697868480761        11.039808498181573        39.950000762939453     
   19.954540076354004        2.1820725203809301        15.989982676536052        39.950000762939453     
   20.925083270019591       0.96023043004751729        15.994908095085638        39.950000762939453     
   18.987648446668796        24.902299237449924        16.505433199487982        39.950000762939453     
   11.321441846665611        25.834393578539558        2.3969414305584822        39.950000762939453     
   27.375504681891499        17.872138483502010        2.0688593403829012        39.950000762939453     
   1.8942814622631310        25.263329010071168        28.220492865498514        39.950000762939453     
   13.468351054737514        16.196462261139036        13.518096110187502        39.950000762939453     
   20.870926421667402        3.9103082155918809        21.354066340268403        39.950000762939453     
   6.5711962928110612        29.717207269946176        11.413670232421850        39.950000762939453     
   23.920795501828064        29.399022901766561        21.948357739357554        39.950000762939453     
   10.501221377178382        13.205651096719651        19.152206527597400        39.950000762939453     
   1.0891885549251701       0.41196136387772642        23.906958760621823        39.950000762939453     
   12.310129960545131        21.879910412531736        2.9597501701234274        39.950000762939453     
   1.3760627490070787        2.8119370431801460        24.204416592685490        39.950000762939453     
   15.472570603287798        3.1606276844561263        10.471231374897091        39.950000762939453     
   2.2986667722821110        18.892050261916470        2.9249209056686398        39.950000762939453     
   15.136263385293180        11.942325415887703        27.870502337197259        39.950000762939453     
   15.744805328455877        4.6855115488410268        26.680292668273925        39.950000762939453     
   9.3074769644847422        19.168649242438558        5.1665665713016988        39.950000762939453     
   27.375012364161833        16.678030895497656        25.290482126542926        39.950000762939453     
   23.862185189941616        23.104061451611319        10.173755210800199        39.950000762939453     
   10.313311511501235        24.200355712148621        5.3572333096616829        39.950000762939453     
   20.171971822213234        11.432859390202847        11.947996899333653        39.950000762939453     
   15.559896272433459        18.843059184237166        18.143001361979852        39.950000762939453     
   12.266076959887593        5.4311694834420754        15.890557168774963        39.950000762939453     
   18.390998735684445        1.3777457059326215        28.270496535801364        39.950000762939453     
  0.72413534065783436        22.826237427728092        19.522026917487953        39.950000762939453     
   3.4674063884922726        8.7385611273670989        20.413588145179286        39.950000762939453     
   29.283695746298477        11.647026437969217        26.981662844880528        39.950000762939453     
   16.481845111460416        18.365822904536682        20.779473729065128        39.950000762939453     
   7.3864954132025176        21.149541308443244        19.752624490145127        39.950000762939453     
   24.631917298176678        8.6195189103796057        29.331658933991548        39.950000762939453     
   28.661082863234011        9.7456467327277174        20.665545113225605        39.950000762939453     
   4.0398935453722151        8.8926132684091588        8.8838019817070784        39.950000762939453     
   8.5928770218299597        12.453398125533395        13.194734125334556        39.950000762939453     
   21.128624714539960        25.649621508407947        11.293834263831146        39.950000762939453     
   14.707117596291111        16.798426155236712        16.820999329278862        39.950000762939453     
   14.815367707879389        16.383393078858838        9.3197508081344402        39.950000762939453     
   1.4100050220438987        26.999927174018836        18.726611152506649        39.950000762939453     
   5.5932346257802079        27.218896880997661        29.497665990218447        39.950000762939453     
   10.175522807257078        5.1552521364250499        21.918868345991903        39.950000762939453     
   21.130731210336062        9.5665530894383810        6.2342726701365461        39.950000762939453     
   16.230693906621354        16.436138414456462        29.271954345265481        39.950000762939453     
   4.9903673021833619        5.8749238830488100        17.585732103542913        39.950000762939453     
   3.4489571306017650        19.062136792541565        16.633454150188975        39.950000762939453     
   12.682312463961001        18.389705232018347        22.173833926712263        39.950000762939453     
   22.781744561428379        9.0232474615005724        1.2216468717121176        39.950000762939453     
   4.0913856522487846        15.835427542758389        11.163304911439781        39.950000762939453     
   9.1920618367211677        21.682743766229592        11.022900184875686        39.950000762939453     
   3.4005116137400284        3.6189337574701765        25.986349365734043        39.950000762939453     
   28.303247280837237        9.4937350341057254        9.0236691961748221        39.950000762939453     
   3.9755289250197281        13.040157623733595        1.5796853192857230        39.950000762939453     
   23.309783156482478        14.650708405761284        8.2361669029447366        39.950000762939453     
   3.3533239995426456        9.8620204305458881        19.479584466283658        39.950000762939453     
   16.229950682096529        6.1656117577299741        10.381339917230209        39.950000762939453     
   1.8774556516995811        10.744247390650294        17.892537872552264        39.950000762939453     
   3.5893186237375154       0.28317340472797881        9.1362226021370159        39.950000762939453     
   22.981083917573233        19.280530446387441       0.44430480849992460        39.950000762939453     
   2.3719112162474354        14.630676855476818        14.517729049077785        39.950000762939453     
   22.135243829866244        7.4274917559033327        7.0497860742070992        39.950000762939453     
   22.808172817346222        27.322634220732738        26.759835986659201        39.950000762939453     
   29.639688059523518        24.238366295328557        17.905190687104710        39.950000762939453     
   23.376590601085965        7.1233080277668650        21.918577612201052        39.950000762939453     
   3.3317949817737236       0.30142200896744464        29.971146171038466        39.950000762939453     
   10.256960958282297        15.831642857040741        13.256751682550473        39.950000762939453     
   3.9681121086492799        16.981664210116460        2.6540004093711476        39.950000762939453     
   10.507045203749225        21.378171873054054        21.061886527422285        39.950000762939453     
   6.2421655799425126        9.1817813809802011        1.3920343589487727        39.950000762939453     
   13.791217130045693        27.858411450811079        12.771680180920416        39.950000762939453     
   5.6049490301732865        25.003539679988094        10.086231800587740        39.950000762939453     
   16.596818764679174        7.6662245478487900        25.844601014566702        39.950000762939453     
   12.022165739992674        21.506501324564770        6.0418335284637417        39.950000762939453     
   29.875420150001514        7.3886857474129330        26.199916072861086        39.950000762939453     
   12.433687032405484        18.727237234790802        6.3312151575930038        39.950000762939453     
   9.6607149144260305        22.839996181409585        10.555690321330395        39.950000762939453     
   6.2148419530987358        9.9519130275664622        9.5511719891678588        39.950000762939453     
   25.371224800239986        28.421868147160364        2.9888597142685693        39.950000762939453     
   7.6140943409716684        10.131572594985023        13.781741574010569        39.950000762939453     
   5.4105861675035696        26.643850480092006       0.42140723233731858        39.950000762939453     
   12.889983329094154        12.414674700032466        5.6135499565101066        39.950000762939453     
   11.229144737591138        27.603014146116603        7.6670075552186425        39.950000762939453     
   24.905909793357576        13.874897229901539        4.2538579474586813        39.950000762939453     
   4.4843046007832754        3.1050944410770862        21.837027542633749        39.950000762939453     
   3.4508703069456770        23.265141347054424        1.2326581075647380        39.950000762939453     
   1.1509624070289670        5.8318624881005370        28.761998705978577        39.950000762939453     
   19.919909164639613        7.6915516339961973        27.796140276189103        39.950000762939453     
   1.0307322869673941        7.8119978068003970        11.393193344812568        39.950000762939453     
   9.5293204362012869        1.1222053969455414        19.351783812428049        39.950000762939453     
   15.092053618277605        24.961121022939331        19.513945115625795        39.950000762939453     
   16.710607972883242        25.392302595605642        5.6079104531241040        39.950000762939453     
   13.488781009160913        7.6607914520357481        5.5163242728352655        39.950000762939453     
   24.161832510780791        15.454892028094237        25.019586423831015        39.950000762939453     
   24.492233017251010        28.493087867907203        6.1831367255272287        39.950000762939453     
   24.123343724209509        17.346005603033234        19.960064289744086        39.950000762939453     
   19.440769930103386        9.7136442296833856        27.290951957542664        39.950000762939453     
   11.845514286405493        28.002820268629275       0.77883762201086948        39.950000762939453     
   28.804567889996498        27.319645253470888        29.055748346059925        39.950000762939453     
   4.2118601545162528        20.516500390444797        1.6100190610201981        39.950000762939453     
   8.7155202427355896        9.1372693023180691        5.4356040019431484        39.950000762939453     
   17.538672527788766        5.6447570794509749        25.097423025355628        39.950000762939453     
   8.7518309963166345        17.051815560658156        5.5785045852200454        39.950000762939453     
   17.777974570757344        2.5200836606428489        8.3783836495587156        39.950000762939453     
   23.346755366928910        8.2319277671684059        19.381140146591910        39.950000762939453     
   19.120187892342059        16.430551773550928        27.643617747858617        39.950000762939453     
   28.666057482162870        24.397691621105537        14.310319380400662        39.950000762939453     
   10.835570335913067        12.576719075548237        24.919599842251387        39.950000762939453     
   18.110696122870717        22.955141314356680        19.683832604556077        39.950000762939453     
   20.065680621155707        24.075113857703744        21.201350613731645        39.950000762939453     
   14.154988273706884        5.4618791226924710        11.089639305274913        39.950000762939453     
   19.230861275243839        1.3854935035737670        22.033966363303094        39.950000762939453     
   22.581168613840056        5.7541887326441952        20.330539462487717        39.950000762939453     
   3.6501476314997463        7.6563693266054376        17.456741146274116        39.950000762939453     
   21.522179766599677        6.7227571538302886        22.662010089138665        39.950000762939453     
   6.2232057232046092        26.209431204783556        25.966476922684702        39.950000762939453     
   28.079083127441908        3.5775225009086986        28.839126390742472        39.950000762939453     
   17.730871128242825        22.201570253295294        5.2743148034903609        39.950000762939453     
=======
3
0.0   0.0    0.0   39.948
0.0   0.0    0.5   39.948
0.1   0.2   -0.5   39.948
>>>>>>> 2b034edab22ffb9074ca5d9637fb1befce425a8e
