         100
    7.101959   21.985105    4.695877  39.950
    2.784761   21.383841   24.862160  39.950
    2.485390   16.491907   20.929492  39.950
    4.983236    8.586221   18.134721  39.950
    1.255218    9.065931    0.490437  39.950
   13.753704   22.486044   13.886192  39.950
    8.676844   11.875118   12.878626  39.950
   19.539803    8.922156    5.461862  39.950
    5.930199   15.790641   12.487675  39.950
   16.552756    4.670784    7.086519  39.950
   18.354923    4.424921    2.783375  39.950
    5.517862    1.792318    0.738555  39.950
   13.121333   24.811481   22.339371  39.950
   13.028425    7.652997    6.377385  39.950
   10.689898   21.120372    4.402000  39.950
   11.429964   13.999182   21.587533  39.950
    3.524979   17.319048   17.312452  39.950
   24.894804   21.006692    4.401929  39.950
   24.499571   11.409320   23.424559  39.950
    3.712362    0.236301   11.355887  39.950
    5.401247   21.904830    0.232889  39.950
    5.660212   20.001885   13.853442  39.950
   11.037258   14.223857   14.605727  39.950
   12.812641    5.580355   17.047654  39.950
   16.430103    8.813190   10.282004  39.950
   18.310026   15.589264    9.245520  39.950
   11.647969   24.289262    7.389006  39.950
    7.943019   12.562308    1.002103  39.950
   15.791527   23.111541   11.055888  39.950
   10.083222    5.656724    1.216743  39.950
    7.112085   23.228567   23.040264  39.950
   19.684408    5.259569    6.563450  39.950
   17.915174   10.121012    4.769470  39.950
    1.426479   22.781880   14.027745  39.950
   11.714343   24.069752   17.460644  39.950
   15.383889    6.204684   16.887970  39.950
    2.549764   23.958797   16.432049  39.950
   18.248277    0.503178   13.356672  39.950
   21.657336    3.807012    7.077742  39.950
   23.202142    0.071039    5.834496  39.950
    9.723752    9.707227    7.882251  39.950
    1.760533   24.830490   14.034311  39.950
   23.916642    2.434013    7.179519  39.950
   15.288452    7.286557   20.316751  39.950
   10.057585   24.940512    8.595319  39.950
   14.736749    9.698558   18.030891  39.950
    3.548317   11.916147   22.912556  39.950
    5.894216    1.948260   15.971007  39.950
    3.755669   13.132052   23.919993  39.950
   12.225250    4.412195   14.093792  39.950
    9.247887    6.705616   17.118629  39.950
    9.567546    1.153455   19.639304  39.950
   22.381640    4.427857   18.718597  39.950
   20.624645    4.976721    1.962582  39.950
   22.144492    5.131423   11.466805  39.950
   23.981382    3.691769    5.248777  39.950
   22.497633   19.093964   11.804327  39.950
    1.391133    5.309743    9.715402  39.950
    0.734682    9.701013   22.798523  39.950
   21.397479    0.854821    5.769407  39.950
    6.358219   10.472553    0.871667  39.950
   12.077775    3.566896   14.196409  39.950
   23.345089    5.764971   14.480925  39.950
    3.129977   22.010897    8.860790  39.950
    6.203294   24.951161   13.238216  39.950
    6.323012    5.321831   13.411057  39.950
    0.242956   23.142344    5.180733  39.950
    0.789299   20.376583   20.533040  39.950
   21.166199    7.853182   18.765962  39.950
   24.494222   20.526045    8.944905  39.950
    3.012165    2.258585   19.560464  39.950
    1.219780   11.094398   23.684085  39.950
   17.827816   22.767327    7.883922  39.950
    1.365279   20.465641    2.557803  39.950
   20.961031   19.871276   24.054696  39.950
   18.730416   20.673392    6.717092  39.950
    8.074514   18.936391   12.608836  39.950
   23.404367    6.386635   14.319038  39.950
   16.191311   24.289215   21.411782  39.950
   13.660276   10.058313    6.955518  39.950
   13.402793   21.648205   19.747561  39.950
    0.492349    8.925705   20.457785  39.950
    4.861113   11.472602   12.847800  39.950
   21.817020    0.683071   14.300825  39.950
   10.195074   11.753674   13.348951  39.950
    5.528260   18.329699   14.928009  39.950
   18.162721    7.232755   10.428820  39.950
    8.795463   23.685978   24.910470  39.950
   23.537833   20.712562   16.266062  39.950
   24.771761    4.716847    5.095391  39.950
    9.917230   20.311484   17.864130  39.950
   19.889848   20.237976    3.605289  39.950
   19.554840    0.828092    2.248394  39.950
   11.954885   17.490093    9.460123  39.950
    8.186174    1.978096   19.116301  39.950
   24.690932   10.349642   19.549708  39.950
    5.061948    8.135344   10.596646  39.950
   16.599545    5.583333   22.622985  39.950
    0.993197   23.346911   15.023247  39.950
    9.373392    4.494880    7.806348  39.950
